Date: 2024-08-29 19:08:02
Tasks: 667
             32              0              0       -6,50718
             33              0              0       -6,50718
             34              0              0       -6,50718
             35              0              0       -6,50718
             36              0              0       -6,50718
             37              0              0       -6,50718
             38              0              0       -6,50718
             39              0              0       -6,50718
             40              0              0       -6,50718
             41              0              0       -6,50718
             42              0              0       -6,50718
             43              0              0       -6,50718
             44              0              0       -6,50718
             45              0              0       -6,50718
             46              0              0       -6,50718
             47              0              0       -6,50718
	                  32	  -0,257379998365817	                   0	   -7,05389681559221
	                  33	  -0,256749525517242	                   0	   -7,06308617841079
	                  34	  -0,256273051574213	                   0	   -7,07158788305847
	                  35	  -0,255734666701649	                   0	   -7,08051271964018
	                  36	  -0,255223604962519	                   0	   -7,09287120689655
	                  37	  -0,254622476776612	                   0	   -7,10345943778112
	                  38	   -0,25400366125937	                   0	   -7,11275784107947
	                  39	  -0,253420569730135	                   0	   -7,12114968365817
	                  40	  -0,252848683658171	                   0	    -7,1327645862069
	                  41	  -0,252523886131934	                   0	   -7,14188345727136
	                  42	  -0,252158295217391	                   0	    -7,1500664107946
	                  43	  -0,252168298335832	                   0	   -7,15828531634182
	                  44	  -0,252161056761619	                   0	   -7,16551525637182
	                  45	  -0,252149636626687	                   0	   -7,17228614092954
	                  46	  -0,252008555142429	                   0	   -7,17905551124438
	                  47	  -0,251812732923538	                   0	   -7,18542680059971
	                  48	  -0,251652475862069	                   0	   -7,19137038380809
	                  49	  -0,251342310494753	                   0	   -7,19721855472264
	                  50	  -0,250931366266867	                   0	   -7,20290663568216
	                  51	  -0,250445462533733	                   0	   -7,20906539130434
	                  52	  -0,249944769745127	                   0	   -7,21482024887557
	                  53	  -0,249448369370315	                   0	   -7,22018294752623
	                  54	  -0,248849260284857	                   0	   -7,22531537631184
	                  55	  -0,248352384002999	                   0	   -7,23030489655172
	                  56	  -0,247940401289355	                   0	   -7,23495593103448
	                  57	  -0,247518338605697	                   0	   -7,23937626086957
	                  58	  -0,247107450794603	                   0	   -7,24351891454273
	                  59	  -0,246783385862069	                   0	   -7,24805099850075
	                  60	  -0,246534453463268	                   0	   -7,25746155322339
	                  61	  -0,246365998905547	                   0	   -7,26304329235382
	                  62	  -0,246134186941529	                   0	    -7,2678112083958
	                  63	  -0,245933182848576	                   0	   -7,27193883958021
	                  64	  -0,245639185412294	                   0	   -7,28234673313342
	                  65	  -0,245343887466267	                   0	   -7,28804959670165
	                  66	  -0,245016715232384	                   0	   -7,29242694302849
	                  67	  -0,244978306941529	                   0	   -7,30047392053973
	                  68	  -0,244867104302848	                   0	   -7,30747239130434
	                  69	  -0,244619394872564	                   0	   -7,31344508995502
	                  70	  -0,244421362923538	                   0	   -7,31836416041978
	                  71	  -0,244151142668666	                   0	   -7,32295390554723
	                  72	  -0,243870791364318	                   0	   -7,32719203148425
	                  73	  -0,243629596086956	                   0	   -7,33098717391305
	                  74	  -0,243395651169415	                   0	   -7,33449170164918
	                  75	  -0,242997784902549	                   0	    -7,3421542053973
	                  76	  -0,242604101859071	                   0	   -7,34752441529236
	                  77	  -0,242275043643178	                   0	   -7,35181150674663
	                  78	  -0,241866310209895	                   0	   -7,35554044227886
	                  79	  -0,241526923298351	                   0	   -7,35884053223388
	                  80	  -0,241199692353823	                   0	   -7,36188864317841
	                  81	  -0,240861561229385	                   0	   -7,36470687406297
	                  82	  -0,240608845427286	                   0	   -7,36732543478261
	                  83	  -0,240224365082459	                   0	   -7,37042375562219
	                  84	  -0,239840485022489	                   0	   -7,37329344077961
	                  85	  -0,239446559295352	                   0	   -7,37604356071964
	                  86	  -0,239104857466267	                   0	   -7,37861531484258
	                  87	  -0,238837278785607	                   0	    -7,3810221964018
	                  88	  -0,238562819415292	                   0	   -7,38336856821589
	                  89	  -0,238334199115442	                   0	    -7,3855646101949
	                  90	  -0,238069429595203	                   0	    -7,3881966041979
	                  91	  -0,237774035802099	                   0	   -7,39067023238381
	                  92	  -0,237575455277361	                   0	   -7,39292171664168
	                  93	  -0,237380536536731	                   0	   -7,39473117691154
	                  94	  -0,237190917061469	                   0	   -7,39652435532234
	                  95	  -0,236968904197901	                   0	   -7,39819838830584
	                  96	  -0,236768516941529	                   0	    -7,3998018215892
	                  97	  -0,236558404422788	                   0	   -7,40141838830585
	                  98	  -0,236299266116942	                   0	   -7,40417825337331
	                  99	  -0,236057609655172	                   0	   -7,40654003748126
	                 100	   -0,23583108113943	                   0	   -7,40867284107947
	                 101	  -0,235778519985007	                   0	   -7,41228645427287
	                 102	  -0,235825607001499	                   0	   -7,41519401049475
	                 103	  -0,235843459190405	                   0	   -7,41762011244378
	                 104	  -0,235810804287856	                   0	   -7,41974474512743
	                 105	  -0,235698412083958	                   0	   -7,42173523988006
	                 106	  -0,235594483343328	                   0	   -7,42369113193403
	                 107	  -0,235480966236882	                   0	   -7,42545691904048
	                 108	   -0,23534059982009	                   0	   -7,42715402548726
	                 109	  -0,235194600914543	                   0	   -7,42874377061469
	                 110	  -0,235074071244378	                   0	    -7,4301825712144
	                 111	  -0,234918484032983	                   0	   -7,43155870314843
	                 112	  -0,234836600794603	                   0	   -7,43285505997002
	                 113	  -0,234687761349325	                   0	   -7,43411215142429
	                 114	  -0,234570687196402	                   0	   -7,43532074212894
	                 115	  -0,234436867781109	                   0	   -7,43652826836582
	                 116	  -0,234320398365817	                   0	   -7,43770615442279
	                 117	  -0,234179404062968	                   0	   -7,43881967766117
	                 118	  -0,234022515262369	                   0	   -7,43989688905546
	                 119	  -0,233893047466267	                   0	   -7,44091964767615
	                 120	  -0,233737919055472	                   0	   -7,44199158170914
	                 121	  -0,233589302713643	                   0	   -7,44303246626686
	                 122	   -0,23347854047976	                   0	   -7,44404287106447
	                 123	  -0,233432199115442	                   0	   -7,44498829835082
	                 124	  -0,233311696026987	                   0	   -7,44596021739131
	                 125	  -0,233230377766117	                   0	   -7,44689473013493
	                 126	  -0,233115742383808	                   0	   -7,44781065217391
	                 127	  -0,232982875382309	                   0	   -7,44888990254872
	                 128	  -0,232854755442279	                   0	   -7,44991384557721
	                 129	  -0,232754771124438	                   0	   -7,45072431034483
	                 130	  -0,232624646206897	                   0	   -7,45154828335832
	                 131	   -0,23247772113943	                   0	   -7,45236759370315
	                 132	  -0,232303777886057	                   0	   -7,45319511994003
	                 133	  -0,232159000344827	                   0	   -7,45398883808096
	                 134	  -0,232039881904048	                   0	   -7,45475402548725
	                 135	  -0,231906715457271	                   0	   -7,45550425037481
	                 136	   -0,23177746982009	                   0	   -7,45623834332833
	                 137	  -0,231667291994003	                   0	   -7,45693798350824
	                 138	  -0,231561837946027	                   0	   -7,45764321589205
	                 139	  -0,231471062668665	                   0	   -7,45831696401799
	                 140	   -0,23137980143928	                   0	    -7,4589846101949
	                 141	  -0,231301756971514	                   0	   -7,45963342578711
	                 142	  -0,231480023103448	                   0	   -7,46021402548726
	                 143	  -0,231426473133433	                   0	   -7,46081907796101
	                 144	  -0,231206374572714	                   0	   -7,46534523088456
	                 145	  -0,231062829490255	                   0	   -7,46827488605698
	                 146	  -0,230877033103448	                   0	   -7,47065532083958
	                 147	   -0,23073560077961	                   0	   -7,47254607046477
	                 148	  -0,230637248725637	                   0	   -7,47416274212894
	                 149	   -0,23055768958021	                   0	   -7,47556175262369
	                 150	  -0,230468405007496	                   0	   -7,47682394152923
	                 151	  -0,230513539865067	                   0	   -7,48220017241379
	                 152	  -0,230419294872564	                   0	   -7,48557604947525
	                 153	  -0,230324827211394	                   0	    -7,4879613868066
	                 154	  -0,230192385412294	                   0	   -7,49013627436282
	                 155	  -0,230060129475262	                   0	   -7,49229625937031
	                 156	  -0,229973636236882	                   0	   -7,49409954272863
	                 157	  -0,229885801694153	                   0	    -7,4956778335832
	                 158	  -0,229771202428786	                   0	   -7,49709658920539
	                 159	  -0,229691842143928	                   0	   -7,49835984257871
	                 160	  -0,229596753943028	                   0	    -7,4995386281859
	                 161	  -0,229502435262369	                   0	   -7,50062525487256
	                 162	  -0,229455458710645	                   0	   -7,50159519490255
	                 163	   -0,22938626125937	                   0	   -7,50251161169416
	                 164	  -0,229333620089955	                   0	   -7,50336919790105
	                 165	  -0,229261579550225	                   0	   -7,50419568965517
	                 166	  -0,229193346671664	                   0	   -7,50499828335833
	                 167	  -0,229106858020989	                   0	   -7,50578098200899
	                 168	  -0,229031795427286	                   0	   -7,50651889805097
	                 169	  -0,228968121409295	                   0	   -7,50722606446777
	                 170	  -0,228913513433283	                   0	   -7,50789879310345
	                 171	  -0,228872317376312	                   0	   -7,50853928785607
	                 172	  -0,228820513568216	                   0	   -7,50917918290855
	                 173	   -0,22875379089955	                   0	   -7,50980618440779
	                 174	  -0,228691726131934	                   0	   -7,51040714392803
	                 175	  -0,228635956116941	                   0	   -7,51099117691155
	                 176	  -0,228583263898051	                   0	   -7,51155479010494
	                 177	   -0,22849675215892	                   0	   -7,51212012743628
	                 178	  -0,228411693148425	                   0	   -7,51267350074963
	                 179	  -0,228345045472264	                   0	   -7,51317993253374
	                 180	  -0,228273179895052	                   0	   -7,51367778860569
	                 181	  -0,228183911664168	                   0	   -7,51422396551724
	                 182	  -0,228118409445277	                   0	   -7,51475555472264
	                 183	  -0,228066915367316	                   0	   -7,51527363568216
	                 184	  -0,228029571664168	                   0	   -7,51577302098951
	                 185	  -0,227969235802099	                   0	   -7,51627356071964
	                 186	  -0,227906956431784	                   0	   -7,51676273613193
	                 187	  -0,227872293748126	                   0	   -7,51723114692654
	                 188	  -0,227854291664168	                   0	   -7,51768128185907
	                 189	  -0,227826245142429	                   0	   -7,51811754872564
	                 190	  -0,227803935487256	                   0	   -7,51850931784108
	                 191	  -0,228071004347826	                   0	   -7,52145275112444
	                 192	  -0,228115343583208	                   0	   -7,52348763868066
	                 193	   -0,22813954089955	                   0	   -7,52485111694153
	                 194	  -0,228143946071964	                   0	   -7,52587431034483
	                 195	  -0,228152034647676	                   0	   -7,52675909295352
	                 196	  -0,228190408710645	                   0	   -7,52769649925037
	                 197	  -0,228239023718141	                   0	   -7,52851643928036
	                 198	  -0,228230366791604	                   0	   -7,52927954272863
	                 199	  -0,228166451394303	                   0	   -7,53024455022489
	                 200	  -0,228069277436282	                   0	    -7,5311157946027
