seed=1725190718
seed2=0
L=8
nstep=50
tw=1
Jz=0.2
eps=0
alpha=0
Sz=0
pbc=0
type=1
beta=10
tau=0.001
Jxy=1
wc=10
ss=1
              1                   1                  -1                   1                  -1                   1                  -1                  -1                  -1
              2            -1.00005            -0.97595            -0.82585            -0.84115            -0.95865            -0.96715            -0.84115            -0.99995
              3             1.00005             0.97595             0.78165             0.79695             0.72345             0.73195             0.79695             0.99995
              4             0.35985             0.30255            -0.00145             0.07755            -0.71015            -0.53015             0.07755            -0.99995
              5             0.03235            -0.00075            -0.12375            -0.11235             0.85335             0.67335            -0.11235             0.99995
              6            -0.19155            -0.14525             0.25615             0.23155             0.15545            -0.67395             0.23155            -0.99995
              7            -0.35265            -0.18345            -0.17235            -0.39565            -0.71175             0.03505            -0.39565             0.58885
              8            -0.11105            -0.40695             0.01125             0.27505             0.08115             0.52655             0.27505             0.86615
              9             0.18015             0.18025             0.59785             0.59775            -0.21795             0.37695             0.59775            -0.86615
             10             0.18015             0.18025             0.32135             0.43545             0.33195            -0.37695             0.43545             0.86615
             11             0.18015             0.18025             0.22835             0.28965             0.30695            -0.59575             0.28965             0.86615
             12             0.37155             0.37165             0.22835             0.26705             0.21385            -0.32765             0.26705             0.86615
             13            -0.17045            -0.29135            -0.24185            -0.10015             0.21385            -0.32765            -0.10015             0.86615
             14            -0.17125            -0.18015            -0.26665            -0.22935             0.15595            -0.04915            -0.22935             0.19965
             15             0.23435             0.23445            -0.15935            -0.15945             0.30715            -0.04915            -0.15945             0.43065
             16             0.51325             0.51315             0.20035             0.20045            -0.08675             0.36355             0.20045            -0.43065
             17            -0.10035            -0.10045             0.23555             0.23565             0.32525             0.24175             0.23565             0.69175
             18             0.30765             0.30755             0.23555             0.23565             0.32525             0.24175             0.23565             0.69175
             19            -0.32845            -0.32835            -0.45685            -0.45675            -0.20915             0.48415            -0.45675            -0.46465
             20             0.17715             0.10485             0.46915             0.34125             0.72905            -0.09745             0.34125             0.34595
             21            -0.29195            -0.17285            -0.45395             0.33955            -0.00805             0.09925             0.33955            -0.37315
             22             0.21205             0.33115            -0.53595             0.25755            -0.00805             0.09925             0.25755            -0.27155
             23            -0.12695            -0.08025            -0.72205            -0.52495            -0.02275             0.79635            -0.52495             0.06875
             24             0.08155             0.08165             0.45265             0.37795             0.13995            -0.65955             0.37795            -0.06875
             25            -0.43465            -0.43455            -0.02715             0.04735            -0.83385            -0.03415             0.04735            -0.17955
             26            -0.31885            -0.31875            -0.14485            -0.21935            -0.14625            -0.11175            -0.21935            -0.47275
             27            -0.24065            -0.24055            -0.15045            -0.16735            -0.15885             0.08185            -0.16735             0.25615
             28             0.39945             0.39935            -0.49985            -0.34595            -0.31795             0.38035            -0.34595            -0.25615
             29            -0.28705            -0.28695             0.69765             0.59575             0.04435            -0.39355             0.59575            -0.15925
             30            -0.12315            -0.05945            -0.75045            -0.71235            -0.01695             0.42095            -0.71235             0.20325
             31            -0.12315            -0.12325             0.09785             0.09395             0.59285             0.05675             0.09395             0.20895
             32            -0.22715            -0.23995             0.27755             0.77315             0.20975             0.15685             0.77315            -0.04845
             33            -0.16115            -0.17395            -0.65305            -0.15365             0.21355             0.15685            -0.15365            -0.04845
             34             0.12075             0.13355             0.57485             0.07545             0.44585            -0.28845             0.07545             0.32615
             35             0.01395             0.22735             0.02205            -0.41295             0.05545            -0.00145            -0.41295             0.30775
             36             0.32895             0.54235             0.18065            -0.25435             0.52015            -0.13675            -0.25435            -0.67055
             37             0.32895             0.48955             0.29625            -0.12335             0.42835            -0.44575            -0.12335             0.33835
             38            -0.07015            -0.14115             0.21595             0.58895            -0.42835             0.44575             0.58895             0.44865
             39            -0.04695            -0.11795            -0.29365             0.07935             0.51725             0.11835             0.07935             0.09765
             40            -0.04695             0.29395             0.00025             0.07935             0.51725             0.12755             0.07935             0.34335
             41             0.31135            -0.02955            -0.28165            -0.22535            -0.42985             0.50805            -0.22535            -0.89495
             42             0.26205             0.60295             0.28165             0.08815            -0.06515             0.00615             0.08815             0.33755
             43             0.26205             0.46725             0.16675             0.11745            -0.29225             0.42915             0.11745             0.12745
             44             0.02405             0.04985             0.38955             0.56425            -0.29225             0.22835             0.56425             0.21215
             45             0.03455             0.05575            -0.43655            -0.56425             0.27725             0.08225            -0.56425            -0.37275
             46         0.034653455             0.05575        -0.436693655            -0.56425         0.277177725             0.08225            -0.56425            -0.37275
             47             0.26185            -0.02505            -0.37405             0.60655             0.51365             0.28045             0.60655             0.09465
             48             0.22165             0.48775            -0.38395            -0.14305            -0.24335            -0.18685            -0.14305             0.23635
             49            -0.10835             0.13735             0.18845             0.40895            -0.20135            -0.11865             0.40895             0.09795
             50            -0.10835             0.18175            -0.37045            -0.32415             0.26905            -0.06725            -0.32415             0.61335
