seed=1725190718
seed2=1
L=8
nstep=50
tw=1
Jz=0.2
eps=0
alpha=0
Sz=0
pbc=0
type=1
beta=10
tau=0.001
Jxy=1
wc=10
ss=1
              1                   1                  -1                   1                  -1                   1                  -1                  -1                  -1
              2            -0.15385            -0.15375             0.28585             0.38675             0.23085             0.14075             0.38675            -0.22375
              3            -0.07695            -0.07705             0.28585             0.51655            -0.11965            -0.27235             0.51655            -0.13205
              4            -0.07325            -0.07315             0.06195             0.36265            -0.04985            -0.27235             0.36265            -0.09845
              5            -0.46925            -0.46915            -0.14805             0.09485             0.13635            -0.14015             0.09485             0.33495
              6             0.55045             0.55035             0.03555            -0.20715            -0.13635             0.14015            -0.20715            -0.33495
              7            -0.03215             0.25955            -0.20665            -0.00635             0.19415            -0.14015            -0.00635             0.11755
              8             0.64305             0.64295            -0.49365            -0.58275            -0.46005            -0.53175            -0.58275             0.59475
              9         0.643014305             0.64295        -0.493599365            -0.58275        -0.459996005            -0.53175            -0.58275             0.59475
             10        0.6430143014             0.64295       -0.4935993599            -0.58275       -0.4599959996            -0.53175            -0.58275             0.59475
             11        0.6430143014             0.64295       -0.4935993599            -0.58275       -0.4599959996            -0.53175            -0.58275             0.59475
             12             0.58965             0.49915            -0.58525            -0.27695            -0.36465            -0.35115            -0.27695            -0.45515
             13             0.24505             0.24495            -0.48095            -0.21385            -0.02905             0.00725            -0.21385            -0.43055
             14             0.05465             0.05455             0.37415             0.03545             0.14145            -0.00725             0.03545             0.43055
             15            -0.39125            -0.39115             0.00855             0.04625             0.18025            -0.10065             0.04625             0.43055
             16            -0.72125            -0.72115             0.44045             0.47795             0.47105             0.19015             0.47795             0.34605
             17            -0.26065            -0.26055             0.42265             0.49575             0.40565             0.25555             0.49575             0.21505
             18            -0.26065            -0.26055             0.35085             0.42395             0.49485             0.34475             0.42395             0.59635
             19             0.54065             0.40455             0.14975            -0.47355             0.24065             0.60015            -0.47355             0.22405
             20             0.25645             0.39235            -0.54785             0.07565            -0.10205            -0.39315             0.07565            -0.22405
             21            -0.36685            -0.50275             0.54785            -0.07565             0.04785             0.28615            -0.07565             0.15345
             22            -0.26025            -0.39615             0.54785             0.17215             0.25005             0.28375             0.17215            -0.24815
             23             0.26025             0.25775            -0.40795            -0.37465            -0.10835             0.41475            -0.37465            -0.29235
             24             0.09565            -0.18305             0.54465             0.53075             0.51945             0.04515             0.53075             0.40025
             25            -0.09565             0.18305            -0.54465            -0.53075            -0.75785            -0.28355            -0.53075            -0.40025
             26            -0.36625            -0.08755            -0.11065             0.30175             0.57845            -0.28995             0.30175             0.27975
             27             0.29865            -0.29955            -0.34185             0.46375            -0.15705             0.31285             0.46375            -0.13425
             28            -0.51285             0.08535             0.15345            -0.27535             0.28435            -0.07375            -0.27535             0.48595
             29        -0.512801285             0.08535         0.153365345            -0.27535         0.284478435            -0.07375            -0.27535             0.48595
             30       -0.5128012801             0.08535        0.1533653365            -0.27535        0.2844784478            -0.07375            -0.27535             0.48595
             31       -0.5128012801             0.08535        0.1533653365            -0.27535        0.2844784478            -0.07375            -0.27535             0.48595
             32            -0.29215            -0.29485             0.39375            -0.00895             0.44935             0.41545            -0.00895             0.70395
             33            -0.00625            -0.00875             0.29675            -0.09655             0.45875             0.41545            -0.09655             0.44335
             34            -0.38505            -0.38495             0.27695            -0.06015             0.68675             0.58605            -0.06015             0.31475
             35             0.95445             0.95435             0.21715            -0.16975             0.78745             0.73635            -0.16975             0.28115
             36            -0.44385            -0.40955             0.30045             0.42295             0.23125            -0.26845             0.42295            -0.28115
             37            -0.44385            -0.40955            -0.43855             0.01985             0.13355            -0.15845             0.01985            -0.28115
             38            -0.44385            -0.40955            -0.43855            -0.13675            -0.02305            -0.15845            -0.13675            -0.28115
             39             0.25285             0.25275             0.37795             0.05055             0.02305             0.15845             0.05055             0.28115
             40             0.28965             0.28955             0.69785            -0.36935            -0.32225             0.18825            -0.36935             0.28115
             41             0.39925             0.39915             0.69785            -0.45695            -0.40985            -0.25695            -0.45695             0.70395
             42             0.37225             0.25115             0.60605             0.06865            -0.00705             0.08285             0.06865             0.70395
             43            -0.06665            -0.18895            -0.31185             0.27605            -0.06105            -0.08285             0.27605            -0.70395
             44             0.06665             0.18895             0.31185            -0.25625             0.08085             0.08285            -0.25625             0.70395
             45            -0.35935             0.20175            -0.45265             0.17275             0.34945            -0.10705             0.17275            -0.70395
             46        -0.359485935             0.20175        -0.452595265             0.17275         0.349384945            -0.10705             0.17275            -0.70395
             47            -0.13475             0.22055            -0.53945            -0.27195             0.03435             0.15985            -0.27195            -0.70395
             48            -0.42065            -0.06515            -0.04305            -0.27115            -0.03085            -0.28015            -0.27115            -0.70395
             49            -0.72105            -0.36555             0.32775            -0.19215            -0.17965             0.06345            -0.19215            -0.70395
             50            -0.75065            -0.39515             0.32775            -0.19215            -0.21585             0.02725            -0.19215            -0.70395
