seed=1725190658
seed2=0
L=8
nstep=50
tw=1
Jz=0.2
eps=0
alpha=0
Sz=0
pbc=0
type=1
beta=10
tau=0.001
Jxy=1
wc=10
ss=1
              1                   1                  -1                   1                  -1                   1                  -1                  -1                  -1
              2            -1.00005            -0.32875            -0.32885            -0.72855            -0.72865            -0.99995            -0.72855            -0.99995
              3            -1.00005            -0.47355            -0.47365            -0.72855            -0.72865            -0.73005            -0.72855            -0.99995
              4            -1.00005            -0.82075            -0.82085            -0.17065            -0.51605            -0.70215            -0.17065            -0.70855
              5            -0.86045            -0.68115            -0.82085             0.26015            -0.08525            -0.62775             0.26015            -0.70855
              6             0.82145             0.64215             0.82085             0.16845            -0.07455            -0.22085             0.16845             0.41615
              7            -0.56025            -0.56015            -0.03835             0.34655             0.11085             0.14915             0.34655            -0.41615
              8            -0.54065            -0.54055            -0.03835             0.13875             0.16545            -0.01025             0.13875            -0.41615
              9             0.52905             0.52895            -0.71035            -0.71045            -0.12015             0.30235            -0.71045            -0.57695
             10             0.52905             0.52895            -0.76595            -0.76605             0.90325            -0.16405            -0.76605             0.82075
             11            -0.52905            -0.52895             0.76595             0.76605            -0.90325             0.08695             0.76605            -0.82595
             12            -0.30245            -0.14415             0.60775             0.89085            -0.77845            -0.09345             0.89085            -0.80435
             13            -0.35835            -0.20025             0.36295             0.52125            -0.90325            -0.46755             0.52125            -0.60635
             14            -0.55195            -0.41205             0.26895             0.40905            -0.90325            -0.55835             0.40905            -0.60635
             15            -0.69935            -0.55945             0.17675             0.63605            -0.30725            -0.33575             0.63605             0.03675
             16             0.52585             0.38575             0.00105             0.18015            -0.30725            -0.33575             0.18015             0.11555
             17            -0.35945            -0.21935            -0.56625            -0.34855             0.23615             0.26755            -0.34855            -0.11555
             18             0.21525             0.21515            -0.42625            -0.20015             0.38455             0.23515            -0.20015            -0.11555
             19            -0.28555            -0.28565            -0.42625            -0.20015             0.38455             0.23515            -0.20015            -0.11555
             20             0.07435             0.07445            -0.42625            -0.34495             0.23975            -0.27255            -0.34495             0.50095
             21             0.03245             0.03235             0.42625             0.12475            -0.24235             0.15775             0.12475            -0.56575
             22            -0.07445            -0.07435             0.56145             0.25995            -0.24235             0.15775             0.25995            -0.45795
             23            -0.37545            -0.09635            -0.03225            -0.00975             0.24235            -0.15775            -0.00975             0.29395
             24        -0.375387545            -0.09635        -0.032153225            -0.00975         0.242474235            -0.15775            -0.00975             0.29395
             25             0.62785            -0.13335            -0.06945             0.67265             0.44095             0.83655             0.67265            -0.47335
             26            -0.45925             0.45915             1.00005            -0.16885            -0.07195            -0.70175            -0.16885             0.80455
             27        -0.459195925             0.45915         1.000050005            -0.16885        -0.072057195            -0.70175            -0.16885             0.80455
             28       -0.4591959196             0.45915         1.000050005            -0.16885      -0.07205720572            -0.70175            -0.16885             0.80455
             29            -0.59175             0.09375            -0.25195             0.15615             0.02695            -0.61715             0.15615             0.22225
             30            -0.60285             0.08285            -0.25195             0.15615             0.02695            -0.70175             0.15615             0.09745
             31             0.60285             0.62655             0.18885             0.00175             0.81785             0.70175             0.00175            -0.09745
             32             0.45925             0.45915             0.25085             0.11415             0.32505             0.22435             0.11415            -0.94335
             33         0.459195925             0.45915         0.250775085             0.11415         0.324982505             0.22435             0.11415            -0.94335
             34        0.4591959196             0.45915        0.2507750775             0.11415        0.3249824983             0.22435             0.11415            -0.94335
             35            -0.20165            -0.20155            -0.16815            -0.22085            -0.31585             0.01165            -0.22085            -0.99995
             36            -0.23185            -0.41255            -0.01265            -0.03255             0.06245             0.11635            -0.03255             0.98115
             37             0.05235             0.23325            -0.22385            -0.20375             0.01035            -0.04355            -0.20375            -0.18015
             38            -0.13535            -0.31625             0.22385             0.34215             0.01985             0.11235             0.34215             0.18015
             39            -0.42825            -0.19535            -0.58245            -0.79775            -0.52125            -0.67375            -0.79775            -0.18015
             40             0.55025             0.19155             0.65705             0.42095             0.20045             0.40645             0.42095             0.18015
             41            -0.55025            -0.19155            -0.65705            -0.48975            -0.37745            -0.44705            -0.48975            -0.18015
             42             0.15235            -0.20615             0.52145             0.35415             0.37745             0.33305             0.35415             0.18015
             43             0.59515             0.59525            -0.27645            -0.52055             0.40425             0.00205            -0.52055             0.18015
             44            -0.59515            -0.59525             0.30635             0.01005             0.35205             0.31975             0.01005             0.18015
             45        -0.595309515            -0.59525         0.306480635             0.01005         0.351985205             0.31975             0.01005             0.18015
             46        -0.595309531            -0.59525        0.3064806481             0.01005        0.3519851985             0.31975             0.01005             0.18015
             47        -0.595309531            -0.59525        0.3064806481             0.01005        0.3519851985             0.31975             0.01005             0.18015
             48        -0.595309531            -0.59525        0.3064806481             0.01005        0.3519851985             0.31975             0.01005             0.18015
             49        -0.595309531            -0.59525        0.3064806481             0.01005        0.3519851985             0.31975             0.01005             0.18015
             50        -0.595309531            -0.59525        0.3064806481             0.01005        0.3519851985             0.31975             0.01005             0.18015
