seed=1725190658
seed2=1
L=8
nstep=50
tw=1
Jz=0.2
eps=0
alpha=0
Sz=0
pbc=0
type=1
beta=10
tau=0.001
Jxy=1
wc=10
ss=1
              1                   1                  -1                   1                   1                  -1                   1                   1                  -1
              2             0.84325             0.84315            -1.00005            -0.96565            -0.73655            -0.33715            -0.96565            -0.34615
              3            -0.84325            -0.82495            -0.58665            -0.29555            -0.60145            -0.47675            -0.29555             0.21055
              4            -0.23755            -0.23945             0.60065             0.24835             0.55665             0.46695             0.24835            -0.21055
              5            -0.57635            -0.57645            -0.47305            -0.11895             0.12755             0.09415            -0.11895            -0.60435
              6        -0.576507635            -0.57645        -0.472997305        -0.119061895             0.12755         0.094259415        -0.119061895            -0.60435
              7       -0.5765076508            -0.57645       -0.4729972997       -0.1190619062             0.12755       0.09425942594       -0.1190619062            -0.60435
              8            -0.94525            -0.94515            -0.70805            -0.02155            -0.31365             0.24325            -0.02155            -0.69145
              9            -0.94525            -0.94515            -0.70805             0.16085            -0.21325             0.47105             0.16085            -0.69145
             10             1.00005            -0.12075            -0.12085            -0.46805            -0.38595             0.24155            -0.46805             0.87655
             11             0.26285             0.36095            -0.62245            -0.22075            -0.49155            -0.19585            -0.22075            -0.26085
             12             0.72285             0.72275            -0.69265            -0.19275            -0.49155            -0.19585            -0.19275            -0.48415
             13             0.36315             0.36325            -0.49825             0.08865            -0.14795             0.06075             0.08865             0.01995
             14             0.36315             0.36325            -0.78925            -0.45395            -0.15705             0.04225            -0.45395            -0.28625
             15            -0.39215            -0.39225             0.73585             0.40055             0.06645            -0.13285             0.40055             0.42435
             16        -0.392289215            -0.39225         0.735823585         0.400690055             0.06645        -0.132763285         0.400690055             0.42435
             17       -0.3922892289            -0.39225        0.7358235824         0.400690069             0.06645       -0.1327632763         0.400690069             0.42435
             18       -0.3922892289            -0.39225        0.7358235824         0.400690069             0.06645       -0.1327632763         0.400690069             0.42435
             19       -0.3922892289            -0.39225        0.7358235824         0.400690069             0.06645       -0.1327632763         0.400690069             0.42435
             20       -0.3922892289            -0.39225        0.7358235824         0.400690069             0.06645       -0.1327632763         0.400690069             0.42435
             21            -0.69585             0.11995            -0.07365            -0.26415             0.10655            -0.15935            -0.26415            -0.89495
             22        -0.695819585             0.11995        -0.073557365        -0.264276415             0.10655        -0.159465935        -0.264276415            -0.89495
             23        -0.695819582             0.11995      -0.07355735574       -0.2642764276             0.10655       -0.1594659466       -0.2642764276            -0.89495
             24        -0.695819582             0.11995      -0.07355735574       -0.2642764276             0.10655       -0.1594659466       -0.2642764276            -0.89495
             25        -0.695819582             0.11995      -0.07355735574       -0.2642764276             0.10655       -0.1594659466       -0.2642764276            -0.89495
             26        -0.695819582             0.11995      -0.07355735574       -0.2642764276             0.10655       -0.1594659466       -0.2642764276            -0.89495
             27        -0.695819582             0.11995      -0.07355735574       -0.2642764276             0.10655       -0.1594659466       -0.2642764276            -0.89495
             28        -0.695819582             0.11995      -0.07355735574       -0.2642764276             0.10655       -0.1594659466       -0.2642764276            -0.89495
             29        -0.695819582             0.11995      -0.07355735574       -0.2642764276             0.10655       -0.1594659466       -0.2642764276            -0.89495
             30        -0.695819582             0.11995      -0.07355735574       -0.2642764276             0.10655       -0.1594659466       -0.2642764276            -0.89495
             31        -0.695819582             0.11995      -0.07355735574       -0.2642764276             0.10655       -0.1594659466       -0.2642764276            -0.89495
             32             1.00005            -0.47145            -0.47135             0.54075             0.64795             0.40365             0.54075             0.28175
             33            -1.00005             0.32585             0.32575            -0.54075            -0.42915            -0.43005            -0.54075            -0.12715
             34             0.96765            -0.23125            -0.19875             0.65695             0.51685             0.40135             0.65695             0.12715
             35             0.58825             0.30855             0.71485            -0.17085            -0.29615             0.42175            -0.17085             0.35075
             36            -0.58825            -0.29635            -0.70265            -0.16655            -0.07505            -0.38795            -0.16655            -0.55135
             37            -0.57645            -0.28455            -0.52185            -0.07815            -0.04405            -0.25795            -0.07815            -0.76295
             38            -0.36175            -0.53005            -0.36375            -0.87285            -0.50555            -0.62885            -0.87285            -0.27775
             39            -0.08155            -0.16385            -0.37845            -0.40675             0.06635             0.07365            -0.40675             0.27775
             40             0.04645            -0.17865            -0.60105            -0.48655             0.07475             0.13265            -0.48655             0.11895
             41             0.42505             0.19995            -0.55585            -0.54775             0.13535            -0.06855            -0.54775            -0.19975
             42            -0.50725            -0.28435             0.55365             0.54775             0.41035             0.30305             0.54775             0.14365
             43            -0.50725            -0.28435             0.55365             0.54775            -0.11615             0.13835             0.54775             0.62875
             44        -0.507200725            -0.28435         0.553605365         0.547904775            -0.11615         0.138463835         0.547904775             0.62875
             45             0.07795             0.18505            -0.42945             0.08505             0.16245             0.44705             0.08505             0.25095
             46         0.078057795             0.18505        -0.429392945         0.084958505             0.16245         0.446994705         0.084958505             0.25095
             47       0.07805780578             0.18505       -0.4293929393       0.08495849585             0.16245        0.4469946995       0.08495849585             0.25095
             48       0.07805780578             0.18505       -0.4293929393       0.08495849585             0.16245        0.4469946995       0.08495849585             0.25095
             49       0.07805780578             0.18505       -0.4293929393       0.08495849585             0.16245        0.4469946995       0.08495849585             0.25095
             50            -0.98165            -0.92535            -0.74645             0.06565            -0.02695             0.00075             0.06565             0.48135
